ENA_U00096_U00096.3_Escherichia_coli_str._K-12_substr._MG1655__complete_genome.
19851 20458
223680 225271
257908 258683
270596 271706
279218 279825
290496 291296
339904 340016
381315 381884
391764 392908
566835 567979
574663 575676
580364 580831
608062 609295
687923 688936
729791 732906
734203 735103
736664 737860
780898 781789
1094300 1095444
1096961 1097141
1299495 1300693
1396153 1397166
1432329 1434681
1467965 1469295
1528239 1529119
1531767 1532876
1570725 1571846
1635894 1636314
1650898 1651493
1978503 1979278
2066231 2067244
2068996 2070216
2101821 2102834
2170229 2171373
2288991 2290004
2514328 2515561
2521130 2521275
2726233 2731430
2817870 2818228
2947550 2947630
2996416 2997636
3130255 3131268
3186150 3187371
3365628 3366641
3423314 3428853
3470219 3471139
3583533 3584140
3620472 3620666
3621324 3622783
3624321 3625413
3652108 3653121
3762391 3765413
3941717 3946655
4035220 4040472
4166354 4171910
4209703 4212995
4325903 4326283
4498861 4499456
4507514 4508624
